lat lon
-1.72 -51.5
55.8792 -98.4839
55.9058 -98.5247
55.9117 -98.3822
55.9117 -98.3822
55.8631 -98.4850
55.9168 -98.9644
56.6358 -99.9483
36.6050 -97.4884
70.4696 -157.4089
38.3953 -120.6328
40.0061 -88.2919
70.8225 -156.6259
35.9736 -79.1004
35.9782 -79.0942
42.5378 -72.5378
45.2041 -68.7402
41.8593 -88.2227
41.8406 -88.2410
68.4865 -155.7503
46.0827 -89.9792
44.4524 -121.5572
44.3157 -121.6078
44.4992 -121.6224
44.4372 -121.5668
39.3232 -86.4131
38.7441 -92.2
41.1651 -96.4766
41.1649 -96.4701
41.1797 -96.4396
40.0329 -105.5464
45.9459 -90.2723
35.9311 -84.3324
36.9333 -96.6833
33.3739 -116.6229
47.563 -93.438
46.2420 -89.3477
38.4316 -120.9660
45.5598 -84.7138
38.4067 -120.9507
45.8059 -90.0799
45 -90
